image: cogniteam.pgm
resolution: 0.025000
origin: [-6.612499, -6.612499, 0.000000]
negate: 0
occupied_thresh: 0.65
free_thresh: 0.196

